1.00 1.00 2.00 0.50 1.20 400.00 1.00 4.00 5.00 3.50 400.00 1.00 4.00 5.00 3.50 400.00 1.00 4.00 5.00 3.50 400.00 1.00 4.00 5.00 3.50 400.00 1.00 4.00 5.00 3.50
1.00 2.00 1.00 0.20 2.40 400.00 1.00 4.00 5.00 3.50 400.00 1.00 4.00 5.00 3.50 400.00 1.00 4.00 5.00 3.50 400.00 1.00 4.00 5.00 3.50 400.00 1.00 4.00 5.00 3.50
2.00 1.00 1.00 1.50 2.00 400.00 1.00 4.00 5.00 3.50 400.00 1.00 4.00 5.00 3.50 400.00 1.00 4.00 5.00 3.50 400.00 1.00 4.00 5.00 3.50 400.00 1.00 4.00 5.00 3.50
-3.00 1.00 4.00 5.00 3.50 400.00 1.00 4.00 5.00 3.50 400.00 1.00 4.00 5.00 3.50 400.00 1.00 4.00 5.00 3.50 400.00 1.00 4.00 5.00 3.50 400.00 1.00 4.00 5.00 3.50
400.00 1.00 4.00 5.00 3.50 1.00 1.00 2.00 0.50 1.20 1.00 1.00 2.00 0.50 1.20 1.00 1.00 2.00 0.50 1.20 1.00 1.00 2.00 0.50 1.20 1.00 1.00 2.00 0.50 1.20
400.00 1.00 4.00 5.00 3.50 1.00 1.00 2.00 0.50 1.20 1.00 1.00 2.00 0.50 1.20 1.00 1.00 2.00 0.50 1.20 1.00 1.00 2.00 0.50 1.20 1.00 1.00 2.00 0.50 1.20
400.00 1.00 4.00 5.00 3.50 1.00 1.00 2.00 0.50 1.20 1.00 1.00 2.00 0.50 1.20 1.00 1.00 2.00 0.50 1.20 1.00 1.00 2.00 0.50 1.20 1.00 1.00 2.00 0.50 1.20
400.00 1.00 4.00 5.00 3.50 1.00 1.00 2.00 0.50 1.20 1.00 1.00 2.00 0.50 1.20 1.00 1.00 2.00 0.50 1.20 1.00 1.00 2.00 0.50 1.20 1.00 1.00 2.00 0.50 1.20
400.00 1.00 4.00 5.00 3.50 1.00 1.00 2.00 0.50 1.20 1.00 1.00 2.00 0.50 1.20 1.00 1.00 2.00 0.50 1.20 1.00 1.00 2.00 0.50 1.20 1.00 1.00 2.00 0.50 1.20
400.00 1.00 4.00 5.00 3.50 1.00 1.00 2.00 0.50 1.20 1.00 1.00 2.00 0.50 1.20 1.00 1.00 2.00 0.50 1.20 1.00 1.00 2.00 0.50 1.20 1.00 1.00 2.00 0.50 1.20
400.00 1.00 4.00 5.00 3.50 1.00 1.00 2.00 0.50 1.20 1.00 1.00 2.00 0.50 1.20 1.00 1.00 2.00 0.50 1.20 1.00 1.00 2.00 0.50 1.20 1.00 1.00 2.00 0.50 1.20
400.00 1.00 4.00 5.00 3.50 1.00 1.00 2.00 0.50 1.20 1.00 1.00 2.00 0.50 1.20 1.00 1.00 2.00 0.50 1.20 1.00 1.00 2.00 0.50 1.20 1.00 1.00 2.00 0.50 1.20
400.00 1.00 4.00 5.00 3.50 1.00 1.00 2.00 0.50 1.20 1.00 1.00 2.00 0.50 1.20 1.00 1.00 2.00 0.50 1.20 1.00 1.00 2.00 0.50 1.20 1.00 1.00 2.00 0.50 1.20
400.00 1.00 4.00 5.00 3.50 1.00 1.00 2.00 0.50 1.20 1.00 1.00 2.00 0.50 1.20 1.00 1.00 2.00 0.50 1.20 1.00 1.00 2.00 0.50 1.20 1.00 1.00 2.00 0.50 1.20
400.00 1.00 4.00 5.00 3.50 1.00 1.00 2.00 0.50 1.20 1.00 1.00 2.00 0.50 1.20 1.00 1.00 2.00 0.50 1.20 1.00 1.00 2.00 0.50 1.20 1.00 1.00 2.00 0.50 1.20
400.00 1.00 4.00 5.00 3.50 1.00 1.00 2.00 0.50 1.20 1.00 1.00 2.00 0.50 1.20 1.00 1.00 2.00 0.50 1.20 1.00 1.00 2.00 0.50 1.20 1.00 1.00 2.00 0.50 1.20
400.00 1.00 4.00 5.00 3.50 1.00 1.00 2.00 0.50 1.20 1.00 1.00 2.00 0.50 1.20 1.00 1.00 2.00 0.50 1.20 1.00 1.00 2.00 0.50 1.20 1.00 1.00 2.00 0.50 1.20
400.00 1.00 4.00 5.00 3.50 1.00 1.00 2.00 0.50 1.20 1.00 1.00 2.00 0.50 1.20 1.00 1.00 2.00 0.50 1.20 1.00 1.00 2.00 0.50 1.20 1.00 1.00 2.00 0.50 1.20
400.00 1.00 4.00 5.00 3.50 1.00 1.00 2.00 0.50 1.20 1.00 1.00 2.00 0.50 1.20 1.00 1.00 2.00 0.50 1.20 1.00 1.00 2.00 0.50 1.20 1.00 1.00 2.00 0.50 1.20
400.00 1.00 4.00 5.00 3.50 1.00 1.00 2.00 0.50 1.20 1.00 1.00 2.00 0.50 1.20 1.00 1.00 2.00 0.50 1.20 1.00 1.00 2.00 0.50 1.20 1.00 1.00 2.00 0.50 1.20
400.00 1.00 4.00 5.00 3.50 1.00 1.00 2.00 0.50 1.20 1.00 1.00 2.00 0.50 1.20 1.00 1.00 2.00 0.50 1.20 1.00 1.00 2.00 0.50 1.20 1.00 1.00 2.00 0.50 1.20
400.00 1.00 4.00 5.00 3.50 1.00 1.00 2.00 0.50 1.20 1.00 1.00 2.00 0.50 1.20 1.00 1.00 2.00 0.50 1.20 1.00 1.00 2.00 0.50 1.20 1.00 1.00 2.00 0.50 1.20
400.00 1.00 4.00 5.00 3.50 1.00 1.00 2.00 0.50 1.20 1.00 1.00 2.00 0.50 1.20 1.00 1.00 2.00 0.50 1.20 1.00 1.00 2.00 0.50 1.20 1.00 1.00 2.00 0.50 1.20
400.00 1.00 4.00 5.00 3.50 1.00 1.00 2.00 0.50 1.20 1.00 1.00 2.00 0.50 1.20 1.00 1.00 2.00 0.50 1.20 1.00 1.00 2.00 0.50 1.20 1.00 1.00 2.00 0.50 1.20
400.00 1.00 4.00 5.00 3.50 1.00 1.00 2.00 0.50 1.20 1.00 1.00 2.00 0.50 1.20 1.00 1.00 2.00 0.50 1.20 1.00 1.00 2.00 0.50 1.20 1.00 1.00 2.00 0.50 1.20
400.00 1.00 4.00 5.00 3.50 1.00 1.00 2.00 0.50 1.20 1.00 1.00 2.00 0.50 1.20 1.00 1.00 2.00 0.50 1.20 1.00 1.00 2.00 0.50 1.20 1.00 1.00 2.00 0.50 1.20
400.00 1.00 4.00 5.00 3.50 1.00 1.00 2.00 0.50 1.20 1.00 1.00 2.00 0.50 1.20 1.00 1.00 2.00 0.50 1.20 1.00 1.00 2.00 0.50 1.20 1.00 1.00 2.00 0.50 1.20
400.00 1.00 4.00 5.00 3.50 1.00 1.00 2.00 0.50 1.20 1.00 1.00 2.00 0.50 1.20 1.00 1.00 2.00 0.50 1.20 1.00 1.00 2.00 0.50 1.20 1.00 1.00 2.00 0.50 1.20
400.00 1.00 4.00 5.00 3.50 1.00 1.00 2.00 0.50 1.20 1.00 1.00 2.00 0.50 1.20 1.00 1.00 2.00 0.50 1.20 1.00 1.00 2.00 0.50 1.20 1.00 1.00 2.00 0.50 1.20
400.00 1.00 4.00 5.00 3.50 1.00 1.00 2.00 0.50 1.20 1.00 1.00 2.00 0.50 1.20 1.00 1.00 2.00 0.50 1.20 1.00 1.00 2.00 0.50 1.20 1.00 1.00 2.00 0.50 1.20